1.98391,-0.186789,-0.320691,637
1.93943,-0.180285,-0.315285,632
1.99893,-0.188562,-0.314325,617
1.92348,-0.178216,-0.318185,604
1.99266,-1.41926,-0.24042,623
2.00135,-1.40126,-0.243244,636
1.98762,-1.17321,-0.243386,625.5
2.00515,-1.16412,-0.249138,603.5
2.08406,-1.17078,-0.242752,622
2.02596,-1.15422,-0.241994,610
2.07741,-1.14398,-0.244762,601.5
2.10523,-1.1403,-0.249311,606
2.05544,-1.13095,-0.25142,600
2.0839,-1.12688,-0.250879,603
2.11523,-1.12463,-0.252409,600
2.12693,-1.13015,-0.242682,609
2.26555,-1.77022,-0.221061,603
2.13195,-1.74036,-0.221025,640
2.31101,-1.74764,-0.222552,613
2.26401,-1.73689,-0.220645,610
2.09951,-1.71102,-0.227301,600.5
2.26561,-1.7071,-0.221078,619
2.31403,-1.71891,-0.223353,606
2.31092,-1.68497,-0.22253,616
2.10088,-1.67967,-0.220616,618
2.23195,-1.67737,-0.221213,642
2.26757,-1.67809,-0.221608,621
2.10232,-1.65089,-0.221042,631
2.23008,-1.64531,-0.220698,644
2.27352,-1.65316,-0.223216,634
2.30739,-1.65122,-0.221594,608
2.24947,-1.63328,-0.226031,654
2.30931,-1.62286,-0.222104,614
2.16538,-1.6186,-0.221076,678
2.26317,-1.61382,-0.22042,646
2.28827,-1.60663,-0.227201,651
2.06412,-1.58712,-0.22368,625
2.16231,-1.58642,-0.220201,677
2.1943,-1.58491,-0.220369,670
2.23969,-1.5948,-0.223342,663
2.29638,-1.58432,-0.229393,658
2.31535,-1.59846,-0.223703,635
2.07507,-1.56911,-0.226994,676
2.23894,-1.56506,-0.223136,669
2.31814,-1.57154,-0.224441,629
2.05887,-1.55684,-0.234946,639
2.19794,-1.55937,-0.221388,672
2.28415,-1.54482,-0.226088,648
2.32588,-1.54909,-0.226491,620
2.0548,-1.52131,-0.220861,754
2.23266,-1.53097,-0.221409,672
2.03318,-1.5051,-0.230952,706.5
2.24008,-1.5092,-0.22345,661
2.28115,-1.51385,-0.225277,642
2.05378,-1.49274,-0.220552,829
2.28307,-1.48742,-0.225794,621
2.01955,-1.46598,-0.230649,791
2.03174,-1.47535,-0.22654,839
2.20042,-1.4774,-0.222084,742
2.00201,-1.45193,-0.234334,698
2.26642,-1.4463,-0.221297,600
2.00627,-1.4282,-0.231088,816.5
2.0268,-1.4307,-0.225011,912.5
2.05285,-1.438,-0.220272,920
2.06754,-1.42478,-0.224716,872
2.10131,-1.42652,-0.227835,822
2.12643,-1.42015,-0.228145,803
2.14138,-1.43096,-0.223756,851
2.16223,-1.42103,-0.224987,829
2.20274,-1.42517,-0.222733,784
2.26914,-1.42142,-0.222032,608
2.01264,-1.40913,-0.237733,763
2.03015,-1.40854,-0.229995,864.5
2.17932,-1.40774,-0.225044,816
2.21142,-1.40566,-0.225162,815
2.01688,-1.38711,-0.23909,706
2.02028,-1.38776,-0.230878,805
2.04557,-1.38249,-0.230826,728
2.08851,-1.39089,-0.231061,736
2.17286,-1.39034,-0.228028,801.5
2.21532,-1.38246,-0.226254,827
2.23539,-1.39646,-0.22216,751
1.98455,-1.36049,-0.23778,607
2.05022,-1.361,-0.232266,708
2.10452,-1.3754,-0.22169,765
2.19312,-1.36663,-0.228973,814
2.22753,-1.36502,-0.224817,807
2.27298,-1.37128,-0.22307,630
2.00871,-1.35324,-0.231861,673.5
2.10602,-1.35109,-0.222132,739
2.14665,-1.35702,-0.225286,759
2.21584,-1.3587,-0.235441,806
2.25276,-1.3576,-0.226937,773
2.28112,-1.35133,-0.225269,613
1.98832,-1.33878,-0.239007,625
2.0126,-1.33046,-0.228463,698
2.03233,-1.32254,-0.234666,776
2.04826,-1.33261,-0.225244,759.5
2.10724,-1.32686,-0.222492,725
2.13947,-1.32585,-0.223204,763
2.20763,-1.32667,-0.233105,800
2.2216,-1.33559,-0.228012,836
2.2444,-1.32546,-0.224636,749
1.98936,-1.31265,-0.230288,682
2.03714,-1.30004,-0.228215,841
2.06392,-1.31934,-0.22362,762
2.10591,-1.30089,-0.222099,761
2.22786,-1.31488,-0.229766,798
2.25604,-1.30869,-0.227839,658
1.97057,-1.29866,-0.233236,646
1.9941,-1.29233,-0.231805,736
2.02667,-1.29319,-0.232884,863
2.0694,-1.2869,-0.225279,774
2.1127,-1.28167,-0.224099,829
2.13114,-1.29431,-0.220788,782
2.14711,-1.28206,-0.225419,792
2.19125,-1.28902,-0.22844,769
2.22608,-1.28836,-0.229266,700
2.25254,-1.2809,-0.226876,608
1.96854,-1.27282,-0.232576,667
2.00162,-1.27452,-0.234207,792
2.03492,-1.27483,-0.231498,853.5
2.05816,-1.26862,-0.234728,795
2.08356,-1.26181,-0.229562,832
2.19943,-1.27036,-0.230769,691
2.22793,-1.26484,-0.229785,658
1.95396,-1.25087,-0.236885,611
1.9796,-1.25833,-0.236172,680
2.00145,-1.25052,-0.234153,768
2.03771,-1.25401,-0.236357,775
2.05703,-1.24375,-0.234377,769
2.08921,-1.2422,-0.231271,848
2.11081,-1.25589,-0.223544,856
2.13349,-1.24729,-0.221469,759
2.23112,-1.24253,-0.230678,643
1.96881,-1.22589,-0.232663,671
2.02579,-1.22088,-0.232609,710
2.06789,-1.22852,-0.237742,768
2.09621,-1.22378,-0.233388,788
2.12027,-1.23906,-0.22633,808
2.146,-1.23261,-0.225097,690
2.19129,-1.23245,-0.231698,674.667
1.95339,-1.21542,-0.236696,620
1.97042,-1.20409,-0.233188,663
1.99193,-1.21931,-0.231111,698
2.03031,-1.20116,-0.234031,688
2.07167,-1.20791,-0.238913,720
2.11316,-1.21287,-0.238516,681
2.12905,-1.20993,-0.228918,685
2.21016,-1.20516,-0.233823,640
1.94889,-1.18887,-0.235209,628
1.98603,-1.1926,-0.233732,667
2.01001,-1.18748,-0.236892,654
2.04312,-1.18792,-0.238059,656
2.07213,-1.185,-0.239054,664
2.11281,-1.18913,-0.23841,648
2.15485,-1.19155,-0.227663,668
1.96075,-1.17575,-0.239131,629
2.01729,-1.17029,-0.239221,622
2.04652,-1.16757,-0.239126,636
2.10667,-1.16154,-0.236553,632
2.13587,-1.17966,-0.230927,659
2.15976,-1.17161,-0.229086,656
2.20553,-1.17817,-0.232505,627
2.04814,-1.14611,-0.239635,609
2.11686,-1.14589,-0.239637,625
2.13829,-1.15819,-0.231639,653
2.17328,-1.15775,-0.233004,643
2.18187,-1.14046,-0.235493,625
2.20703,-1.15571,-0.232935,618
2.13328,-1.13181,-0.230163,632
2.14566,-1.11759,-0.233812,607
2.43635,-1.96071,-0.214325,601
2.14215,-1.78032,-0.214462,600
2.22165,-1.79321,-0.218381,606
2.25277,-1.78982,-0.21761,601
2.17282,-1.77784,-0.214356,621
2.19238,-1.76588,-0.219831,627
2.29775,-1.76689,-0.219041,600
2.34184,-1.77331,-0.215361,609
2.11405,-1.75322,-0.215834,607
2.14603,-1.75239,-0.215566,638
2.22058,-1.75995,-0.218089,613
2.18208,-1.72383,-0.216948,632
2.2254,-1.73305,-0.219412,620
2.13516,-1.70981,-0.212473,641
2.11826,-1.69509,-0.217057,639
2.15485,-1.69882,-0.218079,648
2.17401,-1.68486,-0.214689,644
2.21227,-1.68915,-0.215801,635
2.12329,-1.66965,-0.218515,650
2.14938,-1.66284,-0.216519,668
2.18233,-1.66255,-0.217017,662
2.12733,-1.64356,-0.219686,672
2.15046,-1.6339,-0.216829,678
2.18401,-1.63414,-0.217489,671
2.09437,-1.61327,-0.2187,654
2.12194,-1.60867,-0.218121,678
2.18751,-1.60783,-0.218467,666
2.08662,-1.57662,-0.216417,683
2.11609,-1.57401,-0.216426,684
2.11907,-1.54828,-0.21729,705
2.07203,-1.53415,-0.212117,726
2.12319,-1.52395,-0.218485,781
2.14154,-1.53853,-0.214289,715
2.07753,-1.51148,-0.213737,773
2.14551,-1.5141,-0.21542,742
2.18225,-1.517,-0.216995,691
2.0799,-1.48618,-0.214436,852
2.11616,-1.48983,-0.216448,829
2.14994,-1.49038,-0.21668,779
2.18147,-1.48855,-0.216778,706
2.0481,-1.46034,-0.218835,899
2.2218,-1.46602,-0.218424,673
2.07908,-1.45834,-0.214195,891
2.09251,-1.44362,-0.218153,883
2.10943,-1.45661,-0.214495,855
2.15238,-1.45165,-0.217373,817
2.19088,-1.44211,-0.219412,762
2.11919,-1.43841,-0.217325,860
2.21954,-1.437,-0.217802,695
2.22681,-1.41613,-0.2198,728
2.25617,-1.38458,-0.218527,633
2.74122,-7.05491,-0.143351,605
2.88248,-7.05937,-0.152565,601
2.64152,-1.33356,-0.145944,602
1.99937,-0.688571,-0.140026,626
2.63157,-1.32494,-0.122989,602
2.58336,-1.14117,-0.128941,603
2.4912,-1.0925,-0.132941,620
2.50363,-1.09822,-0.124576,617
2.45508,-1.07341,-0.134144,609
2.56156,-0.779465,-0.136001,604
2.49719,-0.755096,-0.134151,613
2.41137,-0.722126,-0.125136,622
2.36102,-0.703133,-0.124241,616
2.00602,-0.69023,-0.128956,619
2.01413,-0.676515,-0.131042,600
2.69458,-3.52503,-0.118909,621
1.77052,-2.21679,-0.101719,616
2.65023,-1.33486,-0.110965,600
2.63885,-0.806701,-0.108926,602
2.99949,-0.564703,-0.105167,617
1.71354,-2.16521,-0.0857661,624
1.68085,-2.02967,-0.0831307,643
2.00424,-0.702377,-0.087268,602.5
2.01733,-0.691474,-0.0944833,603
1.64044,-2.04414,-0.0716247,600
1.64945,-2.01835,-0.0741891,624
1.58607,-1.87786,-0.0627913,644
2.67066,-1.3427,-0.0668243,600
2.76643,-1.316,-0.0693228,619
1.27764,-1.04547,-0.0734293,602
1.25758,-1.0181,-0.0605221,615
2.64016,-0.804192,-0.0619752,601
2.61894,-0.796667,-0.0703827,600
2.01189,-0.704701,-0.0762317,601
2.02519,-0.710195,-0.0707178,605
2.03336,-0.691959,-0.0724905,603
2.91877,-0.544627,-0.0797091,619
1.55195,-1.82473,-0.058879,625
2.67343,-1.34218,-0.0431996,607
2.68517,-1.35054,-0.0568258,604
2.76917,-1.316,-0.0509984,626
1.44696,-1.1134,-0.0453591,693
2.12281,-0.866779,-0.0404076,600
2.58014,-0.802341,-0.0406732,600
2.63462,-0.801326,-0.049051,600
2.37468,-0.722444,-0.0407371,626
2.01539,-0.703856,-0.0516269,609
2.33722,-0.70815,-0.044484,628
2.02766,-0.691681,-0.0500155,607.5
2.29148,-0.690558,-0.0467067,619
2.25532,-0.676997,-0.0531158,603
3.02826,-0.545542,-0.0598245,604
2.69498,-1.35393,-0.0282495,611.5
2.75124,-1.30375,-0.0263474,601
1.39992,-1.06221,-0.0358282,706
1.38522,-1.04758,-0.0370717,703
1.34201,-1.00078,-0.0288405,687
1.21792,-0.964871,-0.0369461,635.5
1.13949,-0.861293,-0.0332389,603
2.138,-0.873821,-0.0313296,608
1.13875,-0.858274,-0.0281002,604
2.6126,-0.814252,-0.0281139,600.5
2.62422,-0.79595,-0.0237629,602
2.50024,-0.771188,-0.0397356,613
2.40483,-0.733805,-0.0352624,624
2.01499,-0.713469,-0.0310335,603
2.02619,-0.706814,-0.030409,617.5
2.02174,-0.687189,-0.0295269,609.333
2.94533,-0.620941,-0.0326849,607
2.84563,-0.594541,-0.035068,604
2.71257,-1.36308,-0.00977632,617
2.73266,-1.2915,-0.00513584,600
1.22451,-0.96411,-0.0170476,634
1.29241,-0.946656,-0.0181414,668
1.19219,-0.92571,-0.00995977,647
1.27406,-0.927641,-0.0171074,660
1.25479,-0.90826,-0.0176383,638
1.16042,-0.887309,-0.0014575,656
2.16591,-0.886027,-0.00544275,630
1.1511,-0.862802,-0.00713108,601
1.21532,-0.866207,-0.0117758,611
2.13753,-0.872413,-0.0191326,619
2.14262,-0.874291,-0.0106231,620
2.63761,-0.823048,-0.0107499,600
1.10134,-0.809973,-0.00856358,600
2.63776,-0.800609,-0.0146467,600
2.02274,-0.703433,-0.00992557,651
2.03075,-0.689193,-0.00568662,639
2.72404,-1.3683,0.012696,625
2.73303,-1.2905,0.0115935,604
2.18723,-0.895886,0.0100873,642
1.14699,-0.867919,0.0101784,663.5
1.1408,-0.843934,0.0125633,602
2.62751,-0.8181,0.00848617,600
2.61935,-0.792366,0.00954381,603
2.63227,-0.774899,0.00786932,600
2.02638,-0.709356,0.00950798,705.333
2.0172,-0.681107,0.0196964,737
2.02475,-0.685254,0.00988656,700
0.979416,-1.39113,0.0322113,612
0.973321,-1.37599,0.034714,600.5
2.72529,-1.36778,0.0304475,634.5
0.956762,-1.34436,0.0307235,631
0.962425,-1.35536,0.0318326,631
0.940019,-1.30584,0.0341679,612
2.72675,-1.286,0.0247223,601
1.28498,-0.940121,0.0342241,792
1.27142,-0.926113,0.0334363,774
2.24396,-0.924055,0.0308431,651
2.21631,-0.90997,0.0248265,648
1.22795,-0.881876,0.0292763,698
1.2432,-0.896253,0.0343491,742.5
1.20734,-0.860495,0.0288805,670
1.13276,-0.845994,0.0262772,666
1.19638,-0.85091,0.0233206,649
1.20358,-0.857546,0.0259033,666
1.12255,-0.830279,0.0380221,663
2.64058,-0.822499,0.0229315,600
2.63091,-0.8181,0.0359896,601
2.62596,-0.794158,0.0247246,603
2.02618,-0.710851,0.0268485,705
2.3074,-0.711058,0.03789,629
2.01298,-0.695826,0.0290658,794
2.02938,-0.686083,0.0263247,716
2.05233,-0.696036,0.0314615,630
2.2538,-0.69008,0.0294307,604
2.26702,-0.69495,0.0368393,617
0.981089,-1.37462,0.0562177,625
2.72747,-1.36778,0.0500706,642.5
0.964972,-1.35261,0.0411516,632
0.947969,-1.31593,0.0417154,616
2.73,-1.28625,0.0497751,600
2.32118,-0.96349,0.0481691,654
2.24174,-0.922177,0.0403498,655
2.26273,-0.932974,0.0439456,654
2.6386,-0.820666,0.0458024,601
2.53223,-0.800214,0.0578186,614
2.63559,-0.796667,0.0508562,600.5
2.45556,-0.769497,0.0566028,628
2.35955,-0.731661,0.0431991,630
2.37051,-0.735407,0.0560553,631
2.04925,-0.71104,0.0496876,648
2.0193,-0.697516,0.0455818,665
2.04451,-0.691198,0.0505394,606
2.78714,-1.40279,0.0722568,627
2.74095,-1.3751,0.0643128,633
2.42264,-1.01513,0.078774,614
2.37257,-0.988842,0.0758565,637
2.32204,-0.963021,0.062001,654
2.34781,-0.976166,0.0692694,650
2.58391,-0.820818,0.0612055,605
2.61708,-0.833929,0.0661691,600
2.64071,-0.820299,0.0744021,602
2.62574,-0.814802,0.0652579,602
2.02836,-0.709352,0.0618037,618.5
2.0512,-0.710618,0.0697141,618
1.30687,-1.84204,0.0878343,602
1.32703,-1.84189,0.0833537,604
2.82985,-1.42735,0.0999711,612
2.80438,-1.41272,0.0826738,619
2.72139,-1.279,0.0902074,605
2.64342,-0.843294,0.0972842,600
2.641,-0.81975,0.0918677,600.5
2.63049,-0.793083,0.0928301,601.5
2.03428,-0.713328,0.0893278,603
2.05266,-0.709772,0.0950393,607
2.67693,-1.85044,0.112666,604
2.72818,-1.282,0.108411,601
0.717029,-0.974331,0.119308,612.5
0.730963,-0.969578,0.115004,611.833
0.721159,-0.958594,0.117225,616
2.04832,-0.707025,0.108494,605
2.22326,-0.692244,0.11642,606
2.66068,-1.83565,0.130476,609
2.78363,-1.39809,0.121125,621
2.72413,-1.36099,0.137471,621
0.686485,-0.983616,0.134911,608.923
0.705164,-0.984522,0.130069,612.167
0.728476,-0.985504,0.129639,608.25
0.675602,-0.972915,0.138339,602.5
0.691435,-0.971421,0.132922,611.722
0.708595,-0.971116,0.129497,613.688
0.728435,-0.971671,0.130146,612.154
0.712733,-0.959833,0.121919,613
2.04764,-0.705969,0.122867,602.5
2.06323,-0.712731,0.132527,605
2.26283,-0.708317,0.122375,623
2.28395,-0.716736,0.129914,628
2.64471,-1.82151,0.143124,611
2.64084,-1.81765,0.153875,613
2.78662,-1.7026,0.154568,607
2.82091,-1.59993,0.159455,618
2.58298,-1.43681,0.157734,629
2.67809,-1.33225,0.151391,617
0.710865,-1.01067,0.153294,600
0.709241,-0.988089,0.150706,603.357
0.691409,-0.972279,0.14454,608.818
0.711307,-0.972436,0.14621,612
2.30645,-0.725537,0.143424,611
2.05005,-0.705969,0.146916,601.5
2.62753,-1.80576,0.167757,607
2.65762,-1.48778,0.162631,653
2.5639,-1.39529,0.174803,691
2.76941,-1.38711,0.178635,618
2.51139,-1.36006,0.171772,645
2.56407,-1.36804,0.174793,666
2.57649,-1.34906,0.174052,629
2.5879,-1.32944,0.17337,616
2.67573,-1.33016,0.168125,617
2.64894,-1.31396,0.163174,607
0.691786,-0.97346,0.164015,601
0.706453,-0.977304,0.164322,607.5
0.722131,-0.972363,0.16067,607
2.06787,-0.713576,0.163231,601
2.69093,-1.85751,0.198208,613
2.63585,-1.81187,0.18574,611
2.72037,-1.50042,0.181244,692
2.71062,-1.46463,0.181762,681
2.70965,-1.43511,0.181814,649
2.70749,-1.4052,0.181929,639
2.70583,-1.37597,0.182017,627
4.09261,-4.74707,0.208889,604
3.23483,-0.38228,0.207026,823
3.23742,-0.357361,0.200293,769
3.24184,-0.357952,0.213437,860
4.05727,-6.9599,0.237486,638
4.10361,-4.76056,0.236592,608
3.23842,-0.382749,0.226529,778
3.23729,-0.357213,0.226561,749
2.92807,-1.70363,0.251903,611
2.93016,-1.70478,0.277116,602
0.535541,-1.24428,0.277224,600
0.554559,-1.24553,0.269269,600.429
0.549817,-1.2311,0.271093,602.044
0.508995,-1.30556,0.334216,600.6
0.653645,-1.3071,0.336977,602.5
0.673305,-1.30732,0.336753,601.143
0.690397,-1.30932,0.330704,600.125
0.550562,-1.25768,0.323435,602.5
0.590081,-1.25494,0.324708,602.4
0.837471,0.89079,0.334222,603
2.30772,-7.31125,0.351443,683
0.402229,-1.44719,0.358641,614.5
0.402964,-1.42769,0.356652,610.5
0.512289,-1.32519,0.348107,605.5
0.592052,-1.32136,0.352434,603
0.65515,-1.32332,0.352181,609
0.510181,-1.31038,0.350394,604.278
0.530454,-1.30697,0.35043,606.143
0.54495,-1.30666,0.351225,608.25
0.590494,-1.3098,0.351545,600.667
0.606735,-1.30639,0.349653,609.267
0.630975,-1.30628,0.350704,607.4
0.648825,-1.31103,0.348362,605.929
0.666051,-1.31401,0.351406,600.143
0.530212,-1.29801,0.353877,604.625
0.592663,-1.29272,0.347477,601
0.610457,-1.29444,0.348839,605.889
0.630387,-1.2975,0.3507,607.25
2.14094,-0.801301,0.357236,610
2.22179,-0.725314,0.34967,608
0.837808,0.892556,0.344857,609.5
0.843863,0.905359,0.355446,612
2.31625,-7.34514,0.361734,678
2.29996,-7.28318,0.370981,698
0.397838,-1.52454,0.368275,616
0.39804,-1.51205,0.367678,615.556
0.400142,-1.50644,0.363911,618.5
0.395367,-1.48944,0.371694,610.5
0.400818,-1.49369,0.362391,618.5
0.404965,-1.47027,0.365491,616.6
0.394772,-1.45494,0.372057,613
0.409545,-1.45102,0.373242,614.25
0.394211,-1.43544,0.372598,615.5
0.410186,-1.42897,0.371307,613
0.411555,-1.40653,0.367971,602.25
0.393096,-1.38394,0.37345,619
0.392601,-1.35395,0.373709,624
0.405783,-1.34878,0.376054,627
0.392102,-1.32895,0.374047,622
0.487886,-1.32261,0.369542,610
0.501343,-1.32071,0.366851,603
0.632586,-1.32114,0.37297,606
0.65427,-1.32922,0.366674,612
0.411763,-1.30766,0.376321,605
0.491553,-1.3073,0.371337,608.539
0.5084,-1.30623,0.368618,600.765
0.529079,-1.30677,0.367831,605.867
0.609131,-1.30833,0.368952,608.25
0.631548,-1.30717,0.370134,609.429
0.650134,-1.31172,0.37148,611.8
0.391569,-1.29495,0.374292,625
0.48995,-1.29872,0.377091,604.5
0.508786,-1.2952,0.368172,601.5
0.530192,-1.29582,0.371818,604.7
0.610011,-1.29522,0.369517,608.6
0.623281,-1.29802,0.367449,605.333
0.390925,-1.27145,0.374847,622
0.390271,-1.24695,0.375391,621
0.389883,-1.23795,0.37579,613
0.452802,-1.23022,0.379787,601
0.450179,-1.18229,0.37948,607
0.448619,-1.15632,0.379605,608
0.45301,-1.13405,0.379824,600.5
2.15128,-0.806655,0.370867,644
2.27657,-0.749239,0.360716,656
2.29555,-0.757613,0.370846,676
0.838526,0.891378,0.371072,609.8
0.839839,0.900503,0.370166,605
0.842888,0.9058,0.367721,608
2.29581,-7.27059,0.395063,682.5
2.28588,-7.22993,0.380034,708
2.14891,-6.95503,0.393325,748
2.97469,-3.61181,0.391554,682
3.09941,-2.82916,0.395357,612
0.651192,-1.32726,0.381569,600
0.533765,-1.30544,0.380793,602
0.60943,-1.30687,0.38157,601
0.52608,-1.29361,0.381082,601.5
2.94166,-1.28508,0.390547,620
2.86126,-1.27,0.388095,603
0.446285,-1.12137,0.380252,605
2.19421,-0.828519,0.395367,684
2.16152,-0.81201,0.384796,611
2.3581,-0.785127,0.392694,714
2.3374,-0.775956,0.381851,698
2.1576,-0.716375,0.393717,619
0.838642,0.886497,0.392463,614
0.847177,0.908909,0.388947,603.333
2.14636,-6.9463,0.401233,731
2.1423,-6.93271,0.413813,698
2.97001,-3.60608,0.410716,685.5
2.91267,-1.29815,0.402138,619
2.89071,-1.25832,0.407735,615.5
2.24138,-0.852614,0.419396,741
2.20812,-0.835658,0.404285,728
2.45892,-0.829388,0.416677,733
2.40073,-0.803868,0.404674,735
2.17821,-0.72573,0.402807,639
2.1912,-0.731831,0.416568,652
2.14367,-6.94145,0.427354,682
3.12912,-2.86207,0.423674,601
3.02048,-1.3278,0.432604,610
2.92177,-1.24714,0.428156,615
2.82988,-1.17239,0.424015,604
2.25304,-0.85886,0.434315,749
2.5094,-0.851718,0.434498,730
2.19311,-0.733051,0.430501,666
2.20256,-0.737525,0.43995,686
3.19326,-2.93155,0.440391,809
2.3062,-0.886078,0.457026,755
2.27208,-0.868677,0.444698,754
2.5661,-0.876839,0.454242,717
2.16388,-0.796153,0.45777,659
2.11811,-0.773358,0.443242,602
2.12659,-0.777741,0.450349,630
2.22052,-0.746067,0.457566,710
2.20554,-0.739152,0.449649,691
2.4061,-0.936499,0.476973,751
2.70813,-0.939044,0.474482,687
2.3369,-0.901695,0.466509,755
2.17598,-0.802728,0.474778,685
2.23108,-0.750947,0.463098,713
2.80241,-0.980514,0.493391,669
2.18908,-0.809742,0.489467,716
2.25248,-0.761319,0.486333,725.5
3.24294,-3.78428,0.51101,601
3.23673,-3.70655,0.510586,601
3.03081,-3.63153,0.510129,671
2.4893,-0.978888,0.502298,737
2.22525,-0.828592,0.515952,746
2.20834,-0.819825,0.504838,733
2.26169,-0.765997,0.500698,734
2.28438,-0.776572,0.512601,740
2.15656,-0.738749,0.516916,623
3.22886,-3.76659,0.524643,606
3.22274,-3.75936,0.534574,604
3.23613,-3.70815,0.535602,636
3.2279,-3.69617,0.524573,627
3.02146,-3.62013,0.52576,661
2.60863,-1.03912,0.524204,716
2.2404,-0.836483,0.52626,750
2.17784,-0.787134,0.530384,703
2.31517,-0.790808,0.525571,745
2.32418,-0.795282,0.535598,749
2.17798,-0.768094,0.5304,683
2.21768,-0.767363,0.53506,714
3.25057,-3.72812,0.543923,639
3.02879,-3.63316,0.549685,656
2.30516,-0.868922,0.545327,764
2.29118,-0.842239,0.555491,780
2.2774,-0.815427,0.553791,768
0.401869,-0.639913,0.559737,602
0.836203,0.894738,0.550249,606
2.47708,-0.864427,0.565503,739
2.36806,-0.837031,0.564968,760
0.405769,-0.670056,0.565959,600
0.845793,0.904734,0.56712,601.333
2.58921,-1.0092,0.592234,742
0.909326,-0.84974,0.595375,611
0.8919,-0.816666,0.58384,613
0.410546,-0.693828,0.593039,632
0.404077,-0.669518,0.588539,636.5
0.400992,-0.655513,0.58568,626
0.397388,-0.639092,0.582306,617
0.901257,-0.842956,0.602438,603
0.891625,-0.829423,0.608885,601.667
0.88862,-0.818561,0.617638,624
0.417671,-0.73665,0.60256,600
0.574949,-1.04578,0.772826,652
0.571995,-1.01319,0.766012,613.5
0.574748,-1.08951,0.792851,641.333
0.580792,-1.08672,0.788104,680
0.575918,-1.07078,0.79031,689
0.578541,-1.05211,0.786742,686.5
0.577132,-1.08364,0.802229,639.5
2.85921,-0.52912,1.11249,662
2.79529,-0.514948,1.11097,627
2.9733,-0.580577,1.1338,674
2.89034,-0.560735,1.12226,678
2.79349,-0.516073,1.13225,634
2.94683,-0.576375,1.15962,674
2.99909,-0.561963,1.14174,664
2.82959,-0.525521,1.15341,658
2.89342,-0.541268,1.1776,662
3.30486,-0.66275,1.21998,601
2.32808,-0.521459,1.21764,605
2.40173,-0.542036,1.23458,690
2.47962,-0.540448,1.23308,664
2.57221,-0.541423,1.23321,641
2.6628,-0.540224,1.22959,627
2.89035,-0.544642,1.23131,609
2.18511,-0.52432,1.22688,645
2.27349,-0.529204,1.23428,637
3.15703,-0.631235,1.25213,632
2.55811,-0.56193,1.25324,702
2.75328,-0.563207,1.25118,663
2.875,-0.567271,1.2521,644
2.98304,-0.566237,1.24973,632
3.00609,-0.570736,1.24278,644
2.17869,-0.54508,1.25287,762.5
2.33625,-0.547671,1.25206,695
2.37494,-0.558421,1.25766,739
2.46362,-0.559407,1.24938,721
2.64157,-0.559451,1.24759,688
2.80618,-0.551163,1.24478,615
2.45931,-0.582677,1.27637,764
2.5388,-0.580786,1.26974,742
2.62698,-0.580565,1.26874,723
2.74156,-0.585991,1.27386,703
2.8564,-0.589576,1.27758,680
2.98233,-0.593417,1.27559,656
2.23064,-0.56043,1.26117,792
2.3129,-0.56323,1.26422,765
2.1767,-0.546688,1.26845,773
2.27868,-0.553573,1.26024,723
2.3094,-0.585574,1.28733,807
2.38419,-0.585099,1.28612,788
2.19294,-0.553705,1.28708,788
2.11753,-0.515516,1.29344,620
0.952154,0.911687,1.29478,643.5
0.949517,0.924952,1.28883,618.2
2.58861,-0.621266,1.31679,760
2.20658,-0.560137,1.30646,792
2.13907,-0.541718,1.30509,712
2.17363,-0.552243,1.31353,742
2.18201,-0.553413,1.30592,776
0.96366,0.92831,1.31269,682
3.05377,-0.640863,1.33713,653
2.69561,-0.626751,1.32455,731
2.79451,-0.62767,1.32353,713
2.89957,-0.628556,1.32174,689
2.16004,-0.53142,1.32766,766
2.44613,-0.630306,1.34066,798
2.5271,-0.630258,1.34036,777
2.19482,-0.562769,1.34669,784
2.18817,-0.521486,1.34305,760
2.17823,0.0848632,1.34997,630
2.17349,0.12061,1.35924,698
2.15031,0.226507,1.35849,669
2.12737,0.242009,1.34549,665
2.12276,0.277311,1.35482,630
3.2581,-0.66275,1.36211,607
2.27106,-0.608084,1.37651,835
2.23149,-0.515847,1.36675,750
2.24736,-0.441911,1.37543,720
2.25093,-0.326629,1.37738,649
2.22795,-0.302871,1.36481,642
2.24369,-0.287027,1.37342,632
2.2342,-0.266362,1.36823,626
2.24709,-0.249756,1.37529,620
2.23051,0.0302278,1.37891,688
2.20981,0.0852298,1.37958,761
2.19303,0.103127,1.37018,735
2.1666,0.264538,1.37995,717
2.13401,0.297142,1.37325,704
2.09676,0.327922,1.36165,679
2.44946,-0.660708,1.39548,807
2.46168,-0.663114,1.38813,808
2.27779,-0.612294,1.39208,839
2.25973,-0.566922,1.39509,840
2.2791,-0.510684,1.3928,738
2.28681,-0.472728,1.39701,719
2.26828,-0.427892,1.38688,710
2.27114,-0.408951,1.38844,698
2.2627,-0.387287,1.38382,690
2.27642,-0.371011,1.39133,677
2.26162,-0.3482,1.38323,663
2.25185,-0.0446849,1.39073,721
2.257,-0.0263018,1.39358,716
2.25065,-0.0073708,1.39006,721
2.23365,0.0117405,1.38065,713
2.24996,0.0484212,1.38968,703
2.25703,0.067,1.3936,694
2.1615,0.282642,1.38919,759
2.13378,0.315613,1.38331,746
2.12618,0.351052,1.38903,754
2.14037,0.370748,1.38717,732
2.16553,0.392697,1.39153,713
2.34787,-0.633945,1.40685,824
2.27657,-0.593175,1.40442,840
2.27039,-0.550152,1.40099,830
2.2928,-0.494602,1.40029,726
2.29954,-0.201356,1.41713,736
2.28848,-0.180575,1.41101,739
2.28855,-0.161395,1.41105,736
2.28239,-0.14156,1.40764,734
2.28217,-0.122477,1.40751,730
2.26959,-0.102315,1.40055,731
2.26906,-0.0833949,1.40026,726
2.26926,-0.0645596,1.40037,721
2.21643,0.251509,1.40851,771
2.1658,0.339147,1.41244,785
2.21175,0.437913,1.40583,667
2.22337,0.459353,1.41249,672
2.33003,-0.36461,1.43402,769
2.31175,-0.340661,1.42389,765
2.31565,-0.321625,1.42605,764
2.32458,-0.303532,1.431,754
2.31178,-0.28138,1.42391,753
2.31697,-0.262615,1.42678,751
2.32374,-0.244052,1.43053,742
2.33818,-0.226553,1.43853,731
2.3169,0.0283953,1.43956,781
2.28424,0.105064,1.43438,806
2.28127,0.124013,1.4327,761
2.25785,0.142313,1.43226,602
2.25062,0.236079,1.42811,750
2.2059,0.307217,1.42553,791
2.21676,0.421027,1.42123,749
2.36945,-0.561277,1.45584,808
2.3454,-0.408702,1.44252,778
2.35752,-0.391147,1.44924,773
2.32417,0.067,1.44363,779
2.26858,0.190498,1.45127,610
2.2552,0.274985,1.44351,798
2.24212,0.3317,1.45753,808
2.23552,0.388042,1.45363,800
2.23348,0.405994,1.44167,788
2.26855,0.450589,1.45125,767
2.96641,-0.737861,1.46768,679
2.56682,-0.70401,1.46769,786
2.41209,-0.4886,1.47945,781
2.40347,-0.465009,1.47468,781
2.37842,-0.437521,1.46081,776
2.36014,0.00778777,1.46377,781
2.34275,0.0866173,1.46753,806
2.2981,0.221511,1.46838,708
2.23076,0.369284,1.46696,821
2.31322,0.479764,1.47714,747
2.31947,0.643124,1.46758,602
2.31383,0.767344,1.46434,618
2.31101,0.789791,1.47587,606
2.86529,-0.738751,1.48161,711
2.43586,-0.560377,1.49261,794
2.41601,-0.53266,1.48162,788
2.43409,-0.516274,1.49163,783
2.41309,0.046737,1.49343,769
2.3012,0.300203,1.4813,806
2.32175,0.795662,1.49333,613
3.17806,-0.770258,1.5122,627
2.42564,-0.0963696,1.50046,781
2.44684,-0.0773798,1.51233,773
2.45134,-0.0569838,1.51485,773
2.44088,-0.0357672,1.50899,769
2.44943,-0.0155373,1.51378,768
2.38115,0.147513,1.51653,712
2.35281,0.166234,1.5001,633
2.35036,0.206191,1.51008,735
2.38425,0.269027,1.51833,798
2.35258,0.44826,1.51138,793
2.36009,0.616063,1.51577,689
2.34164,0.631888,1.50497,612
2.38412,0.664156,1.51825,678
2.35678,0.76416,1.50812,668
2.35847,0.785687,1.50338,679
2.33485,0.80246,1.51232,608
2.61044,-0.72566,1.53264,775
2.48434,-0.122165,1.53333,771
2.43614,0.128856,1.53445,753
2.39659,0.229881,1.53714,763
2.34691,0.367993,1.53656,809
2.30544,0.776365,1.53469,605
2.36619,0.770154,1.53084,674
2.34673,0.787792,1.53645,674
2.36951,0.792453,1.52703,681
2.8365,-0.793019,1.55966,714
2.93089,-0.792573,1.55717,690
2.52758,-0.212499,1.55755,763
2.52702,-0.190767,1.55723,765
2.52543,-0.168972,1.55634,766
2.50368,-0.145224,1.54416,768
2.4177,0.190356,1.54949,716
2.41446,0.523797,1.5476,605
2.40351,0.651241,1.55289,660
2.33758,0.766353,1.55432,639
2.36435,0.772201,1.54701,683
2.56279,-0.261273,1.57726,756
2.55221,-0.237673,1.57134,760
2.47367,0.256871,1.57017,761
2.44566,0.532002,1.5778,666
2.40828,0.65487,1.57333,688
2.46264,0.689194,1.5758,711
2.48149,0.172995,1.58683,725
2.45875,0.341291,1.58553,788
2.50177,0.49921,1.5987,774
2.4067,0.548872,1.59654,621
2.45225,0.621054,1.58169,676
2.65026,-0.748514,1.61133,765
2.6371,-0.295407,1.61888,745
2.47906,0.541351,1.61574,707
2.38655,0.611831,1.6129,662
2.41044,0.616555,1.61321,653
2.39305,0.633572,1.60246,654
2.47027,0.628028,1.61048,719
2.42597,0.641042,1.60831,687
2.49405,0.654815,1.60639,725
2.31819,0.705165,1.61093,617
2.31403,0.726876,1.61757,634
2.55669,0.739153,1.6183,623
2.3051,0.745513,1.61178,615
2.67433,-0.348177,1.63973,737
2.67309,-0.324547,1.63904,740
2.4999,0.435341,1.62824,780
2.40012,0.572017,1.62137,603
2.50352,0.659718,1.6304,726
2.4506,0.670353,1.62335,727
2.70464,-0.377473,1.65671,730
2.66178,0.021362,1.64831,744
2.61518,0.134458,1.65221,739
2.5883,0.156098,1.64934,734
2.58551,0.312365,1.64771,756
2.56467,0.467785,1.64812,766
2.58245,0.538626,1.64592,731
2.47035,0.565619,1.6502,697
2.43039,0.603337,1.65466,653
2.48339,0.634552,1.64337,706
2.43935,0.648512,1.64587,708
2.35435,0.718527,1.64375,687
2.55741,0.71924,1.64383,730
2.57723,0.748082,1.64921,674.5
2.33608,0.802827,1.64323,628
2.44171,0.584076,1.66181,644
2.56489,0.747694,1.66718,691
2.38503,0.775618,1.67528,700
2.36698,0.791789,1.66346,691
2.77902,-0.441073,1.69836,719
2.75702,-0.411922,1.68604,717
2.54761,0.559478,1.68259,725
2.52333,0.693578,1.68292,735
2.546,0.745365,1.6816,701
2.41747,0.764087,1.69652,706
2.38733,0.870415,1.68798,605
2.67994,0.206632,1.71623,726
2.50957,0.647149,1.70464,727
2.44344,0.749794,1.71353,718
2.5124,0.741224,1.70642,732
2.53552,0.7464,1.70592,726
2.55151,0.749247,1.70031,720
2.82047,0.067,1.73824,699
2.69599,0.231099,1.72571,727
2.56669,0.590341,1.72538,724
2.51435,0.744071,1.72317,737
2.67869,0.758299,1.73537,721
2.73351,0.572339,1.74788,708
2.57181,0.61859,1.75984,692
2.57014,0.641864,1.75878,702
2.58004,0.690299,1.74912,736
2.52414,0.749247,1.74369,742
2.47832,0.858458,1.74805,648
2.89153,-0.490925,1.76138,694
2.57049,0.765553,1.78408,741
2.71315,0.751397,1.81683,716
2.87701,0.193322,1.83267,683
2.58775,0.874531,1.8203,690
2.78106,0.643572,1.876,687
2.85567,0.631413,1.88813,680
3.01734,0.306928,1.90046,650
2.71117,0.893201,1.90178,662
4.38166,-4.79971,1.96839,672
4.42257,-4.06932,2.00855,1075
3.59271,-2.80092,2.0096,689
2.89846,0.872445,2.01147,664
2.87674,0.923681,2.01108,624
3.59163,-2.80777,2.03035,690
3.70565,-2.9487,2.0493,778
3.59799,-2.82147,2.05523,650
3.81274,-3.05317,2.12317,740
3.81966,-3.08527,2.19515,673
3.8428,-3.09785,2.18478,678
3.92123,-3.16078,2.20261,684
3.80752,-3.08149,2.20787,662
3.79388,-3.07708,2.22156,654
3.81614,-3.10666,2.25687,642
2.59865,1.28488,2.52442,614
2.63213,1.30871,2.57679,641
2.28387,-1.21099,2.61236,601
2.89213,-1.19305,2.61712,602
2.26284,-1.24269,2.63351,603
2.42921,-1.23023,2.63965,659
2.39947,-1.21851,2.62937,632
2.48567,-1.21346,2.63535,636
2.5768,-1.20591,2.63,642
2.78643,-1.20162,2.63612,625
2.66504,-1.19853,2.62965,613
3.00191,-1.19266,2.6294,609
2.34411,-0.877818,2.63603,616
1.95364,-4.53685,2.65115,799
2.35828,-1.24528,2.65215,681
2.46715,-1.24703,2.65855,673
2.33112,-1.23492,2.64423,647
2.52359,-1.22953,2.6529,686
2.62403,-1.22689,2.65634,685
2.73869,-1.22748,2.65934,661
2.70018,-1.21209,2.64294,649
2.83375,-1.2199,2.65516,635
2.93551,-1.21476,2.65573,629
3.06496,-1.21626,2.65539,615
2.57269,-0.869399,2.64891,634
2.67116,-0.861347,2.65877,626
2.67567,1.33839,2.64007,648
2.83786,1.35605,2.65896,600
1.98648,-4.60199,2.67584,770
2.40126,-1.26602,2.67782,702
2.57203,-1.24981,2.67436,707
2.8873,-1.2414,2.67969,631
2.6552,-1.2385,2.66588,692
2.36148,-0.89165,2.67912,648
2.4445,-0.879407,2.67912,610
2.55834,-0.868831,2.66011,649
2.77601,-0.854171,2.67156,615
2.44051,-1.28396,2.69811,709
2.32443,-1.27726,2.68308,663
2.51376,-1.2693,2.68688,680
2.61152,-1.2655,2.68887,720
2.69896,-1.25686,2.68631,698
2.78944,-1.24874,2.68438,663
2.98697,-1.23577,2.68239,640
3.12282,-1.23849,2.68155,610
2.35683,-0.894958,2.69703,664
2.55954,-0.875647,2.69078,673
2.67324,-0.866859,2.68392,651
2.85324,1.37074,2.69863,619
2.37312,-1.30248,2.71594,679
2.79056,-0.864326,2.7093,632
3.02539,-0.847388,2.71632,613
2.71502,1.36661,2.70221,642
2.77291,-1.29207,2.73544,684
2.86344,-1.28246,2.73075,653
2.97285,-1.27903,2.73134,619
2.35923,-0.901874,2.72386,670
2.69063,-0.878436,2.72358,679
2.05567,-4.76742,2.74855,713
2.587,-1.30798,2.74316,699
2.68801,-1.30377,2.74331,722
2.48648,-0.903966,2.74941,658
2.58544,-0.891836,2.7415,684
2.81508,-0.877955,2.75462,646
2.73948,1.38677,2.75017,630
2.87394,1.38759,2.74067,619
2.51926,-1.32743,2.76171,706
3.1116,-1.2918,2.7676,621
2.38324,-0.919315,2.77603,650
2.93,-0.871219,2.77044,611
2.73993,1.39337,2.77335,606
7.81628,-7.09358,2.78856,626
1.31565,-4.24198,2.79992,618
1.18722,-4.23598,2.79077,608
1.74225,-4.19848,2.79134,615
1.84121,-4.19416,2.7906,614
1.9259,-4.18016,2.78915,617
2.45492,-1.35007,2.7865,680
2.49468,-0.913322,2.7831,676
2.60242,-0.904048,2.78207,667
2.73736,-0.902141,2.7936,698
3.08014,-0.869672,2.78445,608
1.18012,-4.2601,2.80837,621
1.41771,-4.25333,2.81988,616
1.53952,-4.22836,2.80289,615
1.9304,-4.22161,2.8196,640
1.83651,-4.20416,2.8013,631
2.10011,-4.19013,2.81028,623
2.92399,1.42056,2.81271,611
1.17192,-4.28337,2.82575,627
1.31268,-4.28312,2.82779,626
1.54139,-4.27501,2.83448,634
1.74209,-4.23706,2.82036,621
2.02461,-4.23823,2.83639,637
2.19817,-4.21688,2.83094,622
2.69537,-4.18178,2.8339,651
2.86869,-0.903075,2.82938,645
1.03829,-4.3506,2.8556,610
1.17119,-4.33679,2.85928,634
1.30871,-4.32255,2.85489,634
1.53799,-4.30638,2.85796,646
1.41604,-4.29681,2.84975,633
1.83962,-4.26254,2.8447,645
1.92869,-4.25229,2.84533,652
2.10964,-4.24256,2.84861,647
2.79883,-4.21507,2.85624,661
2.64622,-0.92819,2.8526,639
1.1641,-4.36436,2.87883,640
1.41628,-4.33348,2.87417,647
2.02981,-4.28274,2.86983,650
2.96669,-4.22668,2.87898,649
2.87504,-4.20857,2.86073,662
3.03459,-4.2004,2.86828,651
2.98163,-1.89078,2.86768,617
2.55717,-0.947822,2.87847,669
2.18736,0.201828,2.87935,704
1.17036,-5.20774,2.89743,606
1.03563,-4.40949,2.89174,615
1.30888,-4.3817,2.89301,641
1.8482,-4.33425,2.89495,653
2.03146,-4.31982,2.89943,653
2.2068,-4.28119,2.88176,643
2.73047,-4.26865,2.89579,663
3.03646,-1.96387,2.89415,601
2.97325,-1.89412,2.88531,625
2.21592,-0.288118,2.89405,629
2.19528,-0.149873,2.89013,705
2.21506,-0.150849,2.89289,668
2.18977,-0.040979,2.88262,722
2.18159,-0.0141747,2.89828,713
2.20963,-0.0145935,2.89756,689.5
2.19948,0.0127405,2.89585,693
2.21633,0.0125834,2.8946,618
2.19851,0.0398867,2.89452,731
2.21058,0.039878,2.88685,642
2.19798,0.067,2.89381,673
2.19614,0.0940785,2.8913,727
2.19771,0.121207,2.89343,830
2.21216,0.121294,2.88898,669
2.20457,0.148371,2.89074,724.5
2.19627,0.175363,2.89148,767
2.21012,0.175503,2.88623,601
2.19665,0.22966,2.89199,610
2.19337,0.256495,2.88754,637
1.02089,-4.44672,2.91821,610
1.16144,-4.41175,2.90915,619
1.54484,-4.37762,2.90408,645
1.94639,-4.33768,2.90237,656
2.13537,-4.33349,2.90842,652
2.98089,-1.86769,2.91579,617
2.82481,-0.943211,2.90839,674
1.6712,-0.856034,2.91156,600
2.20263,-0.287779,2.90014,623
2.18658,-0.150361,2.90513,636
2.18463,-0.0414327,2.90246,661
2.22084,-0.0421307,2.90068,645
2.18664,0.0127405,2.90523,667
2.18509,0.0398954,2.90309,709
1.42116,0.067,2.91933,672
2.18634,0.067,2.9048,661
1.52541,0.0912511,2.91507,760
2.18685,0.0941308,2.90552,710
1.43582,0.114924,2.91907,674
2.16827,0.121068,2.90495,653
2.18547,0.121225,2.90361,832
2.17376,0.148358,2.91258,680
2.18336,0.148253,2.90071,831
2.19169,0.175852,2.91216,792
2.17207,0.202525,2.91024,620
2.18636,0.2027,2.90483,741
2.18677,0.229922,2.9054,636
2.1745,0.257105,2.9136,615
2.1841,0.256861,2.90173,672
2.18482,0.284152,2.90271,648
2.20473,0.284989,2.90299,605
2.1848,0.3114,2.9027,702
2.20471,0.312342,2.90297,658
2.1698,0.338229,2.90708,622
2.1829,0.338403,2.90007,682
2.20514,0.339798,2.90356,619
2.17419,0.448573,2.91317,640
2.18439,0.448207,2.90212,652
2.17159,0.475547,2.90957,601
2.18527,0.475939,2.90334,627
1.55064,0.736988,2.91616,600
1.54428,0.759139,2.90292,606
1.5254,1.02384,2.91506,610
1.5234,1.04939,2.91082,623
1.19678,-5.41385,2.93418,620
1.1975,-5.29903,2.93628,634
1.31138,-4.4537,2.93844,634
1.42528,-4.4213,2.92892,639
3.0027,-4.30558,2.93698,656
2.91112,-4.29191,2.92187,661
2.97604,-1.87286,2.93467,622
2.90402,-1.42432,2.93902,676
2.98729,-1.4067,2.922,629
1.7105,-0.866849,2.92834,600
1.66304,-0.858197,2.92336,606
0.883688,-0.0457997,2.92929,601
0.899324,-0.023634,2.93794,609
0.865437,-0.00060193,2.93132,601
1.42434,-0.0049604,2.92673,616
1.53696,-0.00647865,2.93964,602
1.42928,0.0188139,2.93824,629
1.44021,0.0188838,2.92915,609
0.861291,0.0218507,2.93732,601
0.870077,0.0444943,2.92754,626
0.885724,0.0443721,2.93843,707
1.4298,0.0428973,2.93945,647
1.44234,0.0428973,2.93403,623
1.51254,0.042653,2.93321,637
0.848677,0.067,2.93834,608
1.41243,0.067,2.93393,680
0.861561,0.0895843,2.93859,600
0.885289,0.0896105,2.93648,626
1.39732,0.0909544,2.93475,767
1.41317,0.0910155,2.93567,788
1.45536,0.09119,2.93924,724
1.495,0.0912598,2.93026,750
1.51464,0.0913907,2.93775,782
1.39758,0.114924,2.93539,680
1.41499,0.115116,2.93999,685
1.49943,0.11571,2.93998,695
1.51241,0.115692,2.93292,716
1.53038,0.11571,2.92564,688
1.39892,0.138987,2.93859,647
1.41167,0.13896,2.93214,646
1.42789,0.139196,2.935,639
1.4424,0.139327,2.93417,613
1.49797,0.139981,2.93677,622
0.859165,0.156971,2.92737,600
1.51554,0.140243,2.9397,647
0.85898,0.179451,2.9265,601
1.39941,0.163043,2.93976,624
1.41489,0.163253,2.93975,625
1.42208,0.162764,2.92147,617
1.51565,0.164684,2.93993,623
2.18671,0.17627,2.93057,667
1.41413,0.187259,2.93796,609
2.18626,0.313205,2.92994,639
1.55293,0.790097,2.92095,605
1.53052,1.00083,2.92595,601
1.21501,-5.58138,2.95007,642
1.02046,-4.51427,2.95877,605
1.53939,-4.43274,2.94481,638
1.86936,-4.42431,2.95174,650
2.05365,-4.41048,2.9595,652
2.24003,-4.38703,2.95105,644
2.86028,-4.34641,2.94488,659
3.10239,-4.32891,2.95641,653
2.84283,-1.71288,2.95616,642
2.81165,-1.43927,2.95642,668
0.903569,-0.0471519,2.95656,605
0.887141,-0.0237736,2.94479,607
1.41645,-0.0293924,2.94343,601
0.888161,-0.00119092,2.94937,618
1.41072,-0.00533996,2.94827,602.5
1.409,0.0188576,2.94414,623
1.53974,0.0179064,2.94555,616
0.886312,0.0216936,2.94107,634
0.90359,0.021362,2.95665,644
0.837544,0.0443809,2.94768,638
0.849474,0.044407,2.94216,658
0.862188,0.0443896,2.94152,627
1.41066,0.042893,2.94812,646
1.50081,0.0426181,2.943,600
1.5386,0.0424785,2.94313,638
0.868798,0.067,2.94684,607.5
0.886616,0.067,2.94243,672
0.904345,0.067,2.95996,668
1.4043,0.067,2.95146,665
1.44916,0.067,2.94971,653
1.51174,0.067,2.9491,648.5
1.54077,0.067,2.94775,657
0.873907,0.0896628,2.94513,602
1.43335,0.0911813,2.94772,787
1.44513,0.0911638,2.94044,776
1.56586,0.0916612,2.94789,665
0.872993,0.112254,2.94093,600
0.887182,0.112376,2.94497,614
1.4352,0.115448,2.95202,681
1.46087,0.115622,2.95177,619
0.888379,0.135217,2.95034,604
1.39417,0.139405,2.95789,627
1.54334,0.140871,2.95321,633
1.50139,0.164614,2.94427,600
1.54642,0.165766,2.95976,613
1.40175,0.187346,2.94534,605
1.22222,-5.50193,2.97087,639
1.14305,-5.45968,2.97539,601
1.30408,-4.5137,2.9798,629
1.42728,-4.48269,2.96896,632
1.53372,-4.47854,2.97902,624
1.97501,-4.45374,2.97689,644
2.15592,-4.41786,2.96618,650
3.6217,-2.84046,2.96485,606
2.91196,-1.7821,2.97151,645
2.82634,-1.71288,2.9719,628
2.72898,-1.45503,2.96764,637
1.65689,-0.872103,2.97468,601
0.905257,-0.00166209,2.96396,624
0.904545,0.0441452,2.96084,708
0.907213,0.0899596,2.97254,628
1.39755,0.0912074,2.96606,759
1.4969,0.0915391,2.96453,663
0.908258,0.113005,2.97712,618
1.39896,0.115483,2.96946,657
1.57913,0.116862,2.97554,615
1.39694,0.163811,2.9646,603
1.54899,0.190748,2.96521,600
1.51516,1.09648,2.97446,610
1.52755,1.09545,2.96567,617
1.52776,1.23763,2.96612,603
2.34837,-5.7287,2.99741,627
1.42122,-4.51338,2.99192,625
2.79543,-4.4103,2.98931,649
2.82399,-1.68166,2.9953,605
2.7459,-1.61458,2.98616,615
1.58648,0.0168418,2.99086,600
1.40595,0.0426006,2.98639,621
1.58446,0.0419636,2.98665,606
1.41019,0.067,2.99666,648
1.58494,0.067,2.98765,612
0.912592,0.136526,2.99612,606
1.23357,-5.45027,3.00362,640
1.29977,-4.54799,3.0034,623
1.53109,-4.52094,3.00939,603
1.88517,-4.51103,3.00907,635
2.25731,-4.45948,3.00244,635
2.89358,-4.4319,3.00897,643
1.83423,-4.14605,3.00963,613
3.65434,-2.88176,3.01839,602
2.93038,-1.80526,3.01703,625
2.71562,-1.57403,3.00506,620
3.01845,-0.966411,3.00278,610
0.930784,-0.143663,3.01413,600
0.931632,-0.120436,3.01776,602
0.929234,0.0437002,3.00748,626
1.39833,0.067,3.00261,634
1.40018,0.0915478,3.00714,733
1.50086,0.0918881,3.00659,609
1.40194,0.116181,3.01147,632
1.40287,0.140845,3.01375,609
1.61158,0.683666,3.00942,605
1.25528,-5.75106,3.02173,639
1.15886,-5.6942,3.02536,601
1.29959,-4.60285,3.0386,611
2.17895,-4.51452,3.03259,629
1.17349,-4.18841,3.03702,600
2.68525,-1.53413,3.02421,605
2.68474,-1.4969,3.02363,626
2.90893,-0.984005,3.02494,632
0.935861,-0.00367772,3.03589,601
1.4066,0.0423039,3.02288,604
0.918879,0.160705,3.02369,602
2.44946,-6.04134,3.05434,605
2.36246,-5.8166,3.04912,623
1.43029,-4.5995,3.0453,603
2.09837,-4.55882,3.05213,621
3.00686,-4.47787,3.04285,638
3.08856,-4.46875,3.04503,629
2.77966,-1.64773,3.04939,614
2.77319,-1.60488,3.04224,610
2.72857,-1.55487,3.04666,608
0.860343,-0.00386096,3.05956,620
0.937341,0.0197738,3.04224,605
1.40078,0.0918707,3.04681,662
2.42975,-6.05446,3.07884,622
2.43474,-6.03435,3.06089,619
1.27517,-5.7455,3.0782,610
2.00951,-4.58722,3.06149,614
2.98379,-4.09907,3.07199,610
0.943568,0.067,3.06893,613
0.928893,0.186125,3.0676,600
1.91234,-4.62945,3.08397,605
2.85688,-4.54726,3.0809,618
2.99252,-4.18707,3.08099,603
3.23302,-4.56159,3.10745,606
1.61788,1.30804,3.11166,602
0.870818,0.0423563,3.17763,621
0.885481,0.067,3.25129,673
0.888778,0.0924466,3.26786,706
0.894373,0.0156027,3.29597,650
0.902305,-0.0372448,3.33582,606
0.900314,-0.0109026,3.32581,654
0.917579,0.067,3.4906,629
0.916222,0.0943403,3.48361,665
0.922518,-0.0159023,3.51604,609
1.12044,0.0950384,3.51968,669
1.12949,-0.0174075,3.52821,604.5
1.12951,0.0107335,3.52832,638.5
1.10531,0.0950559,3.52557,656
1.12258,0.123232,3.52804,609
